22
241.285 149.196 139.263 0 1 0
323.921 142.419 130.727 0 1 0
377.056 111.176 122.334 0 1 0
435.37 96.7008 80.8872 0.707107 0.707107 0
471.645 65.4577 86.106 0.707107 0.707107 0
501.347 41.29 146.161 0.707107 0.707107 0
573.065 5.75155 250.423 0 1 0
517.761 3.59648 424.304 0 1 0
362.975 3.30025 289.995 0 1 0
298.553 3.05193 298.867 0 1 0
427.499 4.14736 -99.6154 0 1 0
548.388 4.69508 -351.205 0 1 0
489.875 4.96894 -436.479 0 1 0
408.625 4.988 -428.692 0 1 0
322.891 5.00706 -271.428 0 1 0
201.504 4.44924 31.3853 0 1 0
-28.2269 3.89143 610.849 0 1 0
-119.699 9.57129 280.849 0 1 0
-40.6459 4.97486 -8.00077 0 1 0
35.3382 8.58474 -21.167 0 1 0
84.0788 49.3303 36.2239 -0.707107 0.707107 0
148.398 115.586 80.4683 -0.707107 0.707107 0
